{
	"Frequency":0.194659,
	"BlockFrequency":0.614365,
	"CumulativeSums":0.063646,
	"Runs":0.714971,
	"LongestRun":0.123505,
	"Rank":0.693720,
	"FFT":0.681519,
	"NonOverlappingTemplate":0.855528,
	"OverlappingTemplate":0.295708,
	"Universal":0.000000,
	"ApproximateEntropy":0.001181,
	"RandomExcursions":0.000000,
	"RandomExcursionsVariant":0.000000,
	"Serial":0.920817,
	"LinearComplexity":0.203697
}
